   1.0000000e+00   1.0000000e+00
   1.0957079e+00   9.1336169e-01
   1.1825328e+00   8.2253201e-01
   1.2601102e+00   7.2857353e-01
   1.3281730e+00   6.3237278e-01
   1.3865338e+00   5.3463870e-01
   1.4350678e+00   4.3591252e-01
   1.4736965e+00   3.3658597e-01
   1.5023740e+00   2.3692484e-01
   1.5210759e+00   1.3709584e-01
   1.5297908e+00   3.7195297e-02
   1.5285144e+00  -6.2721424e-02
   1.5172474e+00  -1.6261007e-01
   1.4959954e+00  -2.6240763e-01
   1.4647726e+00  -3.6200260e-01
   1.4236078e+00  -4.6120561e-01
   1.3725542e+00  -5.5972115e-01
   1.3117006e+00  -6.5712138e-01
   1.2411863e+00  -7.5282367e-01
   1.1612174e+00  -8.4607425e-01
   1.0720841e+00  -9.3594094e-01
   9.7417869e-01  -1.0213181e+00
   8.6801193e-01  -1.1009473e+00
   7.5422652e-01  -1.1734556e+00
   6.3360585e-01  -1.2374131e+00
   5.0707614e-01  -1.2914069e+00
   3.7570045e-01  -1.3341278e+00
   2.4066379e-01  -1.3644616e+00
   1.0324927e-01  -1.3815732e+00
  -3.5193429e-02  -1.3849754e+00
  -1.7328512e-01  -1.3745700e+00
  -3.0965673e-01  -1.3506561e+00
  -4.4298806e-01  -1.3139046e+00
  -5.7204235e-01  -1.2653022e+00
  -6.9569412e-01  -1.2060736e+00
  -8.1294856e-01  -1.1375918e+00
  -9.2295179e-01  -1.0612886e+00
  -1.0249926e+00  -9.7857332e-01
  -1.1184969e+00  -8.9076663e-01
  -1.2030159e+00  -7.9905300e-01
  -1.2782114e+00  -7.0445145e-01
  -1.3438382e+00  -6.0780327e-01
  -1.3997262e+00  -5.0977372e-01
  -1.4457638e+00  -4.1086430e-01
  -1.4818818e+00  -3.1143252e-01
  -1.5080409e+00  -2.1171652e-01
  -1.5242206e+00  -1.1186248e-01
  -1.5304116e+00  -1.1953574e-02
  -1.5266111e+00   8.7960457e-02
  -1.5128208e+00   1.8783344e-01
  -1.4890482e+00   2.8759292e-01
  -1.4553102e+00   3.8711045e-01
  -1.4116411e+00   4.8617247e-01
  -1.3581017e+00   5.8445240e-01
  -1.2947920e+00   6.8148521e-01
  -1.2218668e+00   7.7664628e-01
  -1.1395516e+00   8.6913704e-01
  -1.0481608e+00   9.5798045e-01
  -9.4811514e-01   1.0420297e+00
  -8.3995760e-01   1.1199929e+00
  -7.2436582e-01   1.1904768e+00
  -6.0215937e-01   1.2520480e+00
  -4.7429995e-01   1.3033114e+00
  -3.4188320e-01   1.3429986e+00
  -2.0612148e-01   1.3700582e+00
  -6.8317966e-02   1.3837376e+00
   7.0166544e-02   1.3836452e+00
   2.0795166e-01   1.3697836e+00
   3.4367711e-01   1.3425496e+00
   4.7604074e-01   1.3027002e+00
   6.0383157e-01   1.2512904e+00
   7.2595568e-01   1.1895907e+00
   8.4145322e-01   1.1189975e+00
   9.4950654e-01   1.0409439e+00
   1.0494399e+00   9.5682240e-01
   1.1407119e+00   8.6792305e-01
   1.2229036e+00   7.7539058e-01
   1.2957016e+00   6.8019964e-01
   1.3588816e+00   5.8314642e-01
   1.4122898e+00   4.8485331e-01
   1.4558265e+00   3.8578334e-01
   1.4894315e+00   2.8626139e-01
   1.5130709e+00   1.8649970e-01
   1.5267277e+00   8.6625782e-02
   1.5303947e+00  -1.3288459e-02
   1.5240702e+00  -1.1319700e-01
   1.5077572e+00  -2.1304985e-01
   1.4814648e+00  -3.1276319e-01
   1.4452140e+00  -4.1218980e-01
   1.3990443e+00  -5.1109012e-01
   1.3430253e+00  -6.0910486e-01
   1.2772694e+00  -7.0573046e-01
   1.2019476e+00  -8.0029938e-01
   1.1173061e+00  -8.9196791e-01
   1.0236845e+00  -9.7971474e-01
   9.2153323e-01  -1.0623533e+00
   8.1142811e-01  -1.1385614e+00
   6.9408227e-01  -1.2069290e+00
   5.7035145e-01  -1.2660245e+00
   4.4123233e-01  -1.3144761e+00
   3.0785202e-01  -1.3510620e+00
   1.7144857e-01  -1.3747992e+00
   3.3343106e-02  -1.3850212e+00
  -1.0509492e-01  -1.3814343e+00
  -2.4248646e-01  -1.3641419e+00
  -3.7748248e-01  -1.3336365e+00
  -5.0880099e-01  -1.2907571e+00
  -6.3525847e-01  -1.2366212e+00
  -7.5579361e-01  -1.1725401e+00
  -8.6948209e-01  -1.0999273e+00
  -9.7554240e-01  -1.0202124e+00
  -1.0733337e+00  -9.3476729e-01
  -1.1623469e+00  -8.4484847e-01
  -1.2421912e+00  -7.5155939e-01
  -1.3125776e+00  -6.5582985e-01
  -1.3733011e+00  -5.5841124e-01
  -1.4242231e+00  -4.5988402e-01
  -1.4652553e+00  -3.6067409e-01
  -1.4963451e+00  -2.6107538e-01
  -1.5174638e+00  -1.6127600e-01
  -1.5285973e+00  -6.1386641e-02
  -1.5297402e+00   3.8530147e-02
  -1.5208919e+00   1.3843016e-01
  -1.5020565e+00   2.3825767e-01
  -1.4732459e+00   3.3791562e-01
  -1.4344846e+00   4.3723616e-01
  -1.3858187e+00   5.3595197e-01
  -1.3273273e+00   6.3366949e-01
  -1.2591360e+00   7.2984534e-01
  -1.1814331e+00   8.2376826e-01
  -1.0944869e+00   9.1454934e-01
  -9.9866327e-01   1.0011237e+00
  -8.9444301e-01   1.0822670e+00
  -7.8243581e-01   1.1566296e+00
  -6.6339052e-01   1.2227891e+00
  -5.3819900e-01   1.2793209e+00
  -4.0789221e-01   1.3248824e+00
  -2.7362748e-01   1.3583039e+00
  -1.3666680e-01   1.3786757e+00
   1.6530261e-03   1.3854215e+00
   1.3995636e-01   1.3783467e+00
   2.7686805e-01   1.3576553e+00
   4.1105266e-01   1.3239323e+00
   5.4125040e-01   1.2780945e+00
   6.6630672e-01   1.2213169e+00
   7.8519388e-01   1.1549449e+00
   8.9702342e-01   1.0804041e+00
   1.0010499e+00   9.9911587e-01
   1.0966667e+00   9.1242745e-01
   1.1833962e+00   8.2155968e-01
   1.2608749e+00   7.2757335e-01
   1.3288366e+00   6.3135312e-01
   1.3870948e+00   5.3360609e-01
   1.4355251e+00   4.3487181e-01
   1.4740494e+00   3.3554056e-01
   1.5026223e+00   2.3587695e-01
   1.5212193e+00   1.3604680e-01
   1.5298293e+00   3.6145840e-02
   1.5284480e+00  -6.3770823e-02
   1.5170761e+00  -1.6365890e-01
   1.4957192e+00  -2.6345502e-01
   1.4643918e+00  -3.6304702e-01
   1.4231229e+00  -4.6224455e-01
   1.3719658e+00  -5.6075086e-01
   1.3110099e+00  -6.5813657e-01
   1.2403951e+00  -7.5381733e-01
   1.1603282e+00  -8.4703753e-01
   1.0711005e+00  -9.3686310e-01
   9.7310550e-01  -1.0221867e+00
   8.6685514e-01  -1.1017484e+00
   7.5299361e-01  -1.1741744e+00
   6.3230582e-01  -1.2380344e+00
   5.0571945e-01  -1.2919163e+00
   3.7429896e-01  -1.3345125e+00
   2.3923051e-01  -1.3647112e+00
   1.0179809e-01  -1.3816807e+00
  -3.6648104e-02  -1.3849377e+00
  -1.7472879e-01  -1.3743882e+00
  -3.1107521e-01  -1.3503353e+00
  -4.4436787e-01  -1.3134537e+00
  -5.7337105e-01  -1.2647330e+00
  -6.9696055e-01  -1.2053999e+00
  -8.1414301e-01  -1.1368285e+00
  -9.2406606e-01  -1.0604507e+00
  -1.0260200e+00  -9.7767530e-01
  -1.1194320e+00  -8.8982169e-01
  -1.2038547e+00  -7.9807274e-01
  -1.2789508e+00  -7.0344563e-01
  -1.3444761e+00  -6.0677979e-01
  -1.4002611e+00  -5.0873867e-01
  -1.4461948e+00  -4.0982213e-01
  -1.4822084e+00  -3.1038631e-01
  -1.5082627e+00  -2.1066824e-01
  -1.5243375e+00  -1.1081328e-01
  -1.5304236e+00  -1.0904091e-02
  -1.5265182e+00   8.9009769e-02
  -1.5126230e+00   1.8888201e-01
  -1.4887455e+00   2.8863974e-01
  -1.4549031e+00   3.8815377e-01
  -1.4111299e+00   4.8720949e-01
  -1.3574872e+00   5.8547901e-01
  -1.2940757e+00   6.8249570e-01
  -1.2210505e+00   7.7763318e-01
  -1.1386382e+00   8.7009102e-01
  -1.0471541e+00   9.5889032e-01
  -9.4702021e-01   1.0428825e+00
  -8.3878082e-01   1.1207746e+00
  -7.2311505e-01   1.1911723e+00
  -6.0084398e-01   1.2526424e+00
  -4.7293078e-01   1.3037905e+00
  -3.4047241e-01   1.3433501e+00
  -2.0468234e-01   1.3702725e+00
  -6.6864535e-02   1.3838086e+00
   7.1619801e-02   1.3835708e+00
   2.0939028e-01   1.3695660e+00
   3.4508706e-01   1.3421950e+00
   4.7740876e-01   1.3022183e+00
   6.0514554e-01   1.2506934e+00
   7.2720478e-01   1.1888930e+00
   8.4262814e-01   1.1182139e+00
   9.5059944e-01   1.0400895e+00
   1.0504444e+00   9.5591134e-01
   1.1416230e+00   8.6696817e-01
   1.2237175e+00   7.7440302e-01
   1.2964155e+00   6.7918869e-01
   1.3594936e+00   5.8211951e-01
   1.4127985e+00   4.8381610e-01
   1.4562312e+00   3.8473991e-01
   1.4897316e+00   2.8521451e-01
   1.5132662e+00   1.8545111e-01
   1.5268182e+00   8.5576461e-02
   1.5303802e+00  -1.4337940e-02
   1.5239508e+00  -1.1424619e-01
   1.5075328e+00  -2.1409810e-01
   1.4811358e+00  -3.1380933e-01
   1.4447805e+00  -4.1323184e-01
   1.3985069e+00  -5.1212496e-01
   1.3423850e+00  -6.1012800e-01
   1.2765277e+00  -7.0673577e-01
   1.2011065e+00  -8.0127891e-01
   1.1163687e+00  -8.9291187e-01
   1.0226550e+00  -9.8061148e-01
   9.2041696e-01  -1.0631896e+00
   8.1023184e-01  -1.1393228e+00
   6.9281423e-01  -1.2076003e+00
   5.6902140e-01  -1.2665910e+00
   4.3985145e-01  -1.3149240e+00
   3.0643278e-01  -1.3513796e+00
   1.7000447e-01  -1.3749776e+00
   3.1888346e-02  -1.3850555e+00
  -1.0654584e-01  -1.3813233e+00
  -2.4391914e-01  -1.3638890e+00
  -3.7888305e-01  -1.3332487e+00
  -5.1015645e-01  -1.2902448e+00
  -6.3655701e-01  -1.2359974e+00
  -7.5702480e-01  -1.1718192e+00
  -8.7063696e-01  -1.0991244e+00
  -9.7661351e-01  -1.0193424e+00
  -1.0743150e+00  -9.3384401e-01
  -1.1632338e+00  -8.4388435e-01
  -1.2429801e+00  -7.5056512e-01
  -1.3132660e+00  -6.5481424e-01
  -1.3738871e+00  -5.5738126e-01
  -1.4247056e+00  -4.5884490e-01
  -1.4656336e+00  -3.5962958e-01
  -1.4966188e+00  -2.6002794e-01
  -1.5176326e+00  -1.6022715e-01
  -1.5286613e+00  -6.0337235e-02
  -1.5296992e+00   3.9579600e-02
  -1.5207459e+00   1.3947919e-01
  -1.5018057e+00   2.3930552e-01
  -1.4728904e+00   3.3896095e-01
  -1.4340248e+00   4.3827672e-01
  -1.3852552e+00   5.3698434e-01
  -1.3266612e+00   6.3468877e-01
  -1.2583689e+00   7.3084496e-01
  -1.1805674e+00   8.2473981e-01
  -1.0935258e+00   9.1548254e-01
  -9.9761129e-01   1.0020065e+00
  -8.9330583e-01   1.0830858e+00
  -7.8122056e-01   1.1573697e+00
  -6.6210583e-01   1.2234354e+00
  -5.3685499e-01   1.2798587e+00
  -4.0650041e-01   1.3252984e+00
  -2.7220065e-01   1.3585870e+00
  -1.3521865e-01   1.3788180e+00
   3.1081873e-03   1.3854190e+00
   1.4140402e-01   1.3781994e+00
   2.7829389e-01   1.3573675e+00
   4.1244302e-01   1.3235120e+00
   5.4259255e-01   1.2775528e+00
   6.6758917e-01   1.2206672e+00
   7.8640657e-01   1.1542019e+00
   8.9815778e-01   1.0795829e+00
   1.0020988e+00   9.9823115e-01
   1.0976246e+00   9.1149274e-01
   1.1842586e+00   8.2058700e-01
   1.2616386e+00   7.2657293e-01
   1.3294992e+00   6.3033330e-01
   1.3876548e+00   5.3257337e-01
   1.4359813e+00   4.3383103e-01
